RFM_Order=1
xOffset=445678.90495
yOffset=3742708.59065
zOffset=551.99987655
colOffset=4667.4
rowOffset=5453.82
xScale=1697.3035
yScale=2400.369
zScale=370.353287
colScale=3989.4
rowScale=5453.4
a0=0.0042363372352
a1=0.967632775821
a2=-0.0643733550613
a3=-0.00395245119875
b0=0.0263554718118
b1=0.0283079457347
b2=0.986943798679
b3=-0.00535415075354
c1=-0.0041530541207
c2=-0.00533441670212
c3=-0.0898071562474
RMSE_P=13.6647275895
